1215.67
1025.72
972.537
949.743
937.804
930.748
926.226
923.15
6564.626037813622
4862.689082393304
4341.680829737401
4102.887918045521
3971.1933796998137
3890.15218979677
3836.4681823700607
3798.96841244886
3751.215989763779
3771.701316424538
18756.135786383034
12821.516334322221
10941.003961171831
10052.062008515373
9548.55506218491
9231.508874225145
9017.350677589522
40522.38382422049
26258.485226997687
21661.02915651963
19450.725462954008
18178.97819288734
17366.75644086989
74598.10012013058
46537.4281780922
37405.33175811147
32969.71934397769
30391.81477301618
123717.83088714554
75024.31665621887
59081.65771432147
51286.2264436468
4027.3380892079113
4472.7454940965445
5877.270809045093
6679.997190035232
10833.274629029202
3889.7320800949637
7067.171839137888
1640.43
4686.9523214409655
9852.707777633303
8729.53249433706
4622.865298832371
6097567.339617114
3703702.753139431
1576791.1632330744
2326.7145935253557
1908.73
1906.68
1548.19
1550.78
5201.709585339342
6585.271611334042
6549.862052416979
5756.2082629317
1218003.0550144613
2053001.379758403
2139.6846498308305
1746.82
1748.65
1749.67
1752.16
1753.99
573394.7912550636
1486.5
1483.32
1238.82
1242.8
6302.045197614214
6365.542319903231
5578.8906442966945
631851.775910991
1455347.9553953654
3727.0597136860288
3730.0604930211684
7334.024049564886
7325.021612503111
2471.7473033366246
1660.81
1666.15
5008.237893452417
4960.295101637671
4364.226786490354
2321.6634784958997
883564.6050656746
518145.68377523706
1397.2
1399.77
128136.03898040367
155551.5353864593
360134.47676347557
3869.8568914557604
3968.592698892559
3343.1408367585627
1814.56
2422.3960312939957
2425.016626520875
3427.012279975796
4721.32145732529
2796.3542406800048
2803.5359873607717
348141.19729282596
10339.240150527368
6732.6814207566795
6718.29753516603
4069.7492156219664
4077.501250683584
187129.16993995573
334795.5480280455
9533.24089825412
9071.115286178718
6313.808369193041
3722.6885786256735
105104.74144863377
69852.80266957813
7137.760934479777
7753.247607623693
5193.2673274863855
3110.081840961373
218312.69676953883
89914.38795786716
7334.174090183425
2669.9437778598385
2661.141678133586
1855.93
1862.31
143678.28879524267
8581.062178355614
9126.110230281482
5539.410050631544
5519.244641033839
606428.8241811369
328709.8839505825
12570.247839394506
2830.19248437827
2836.574042981873
